TIME	R1:1	R2:1	R3:1	R1:2	R2:2	R3:2	R1:3	R2:3	R3:3	
0	0	0	0	0	0	0	0	0	0	
100	0	0	0	0	0	0	0	0	0	
200	0	0	0	0	0	0	0	0	0	
300	0	0	0	0	0	0	0	0	0	
400	0	0	0	0	0	0	0	0	0	
500	0	0	0	0	0	0	0	0	0	
600	0	0	0	0	0	0	0	0	0	
700	0	0	0	0	0	0	0	0	0	
800	0	0	0	0	0	0	0	0	0	
900	0	0	0	0	0	0	0	0	0	
1000	0	0	0	0	0	0	0	0	0	
1100	0	0	0	0	0	0	0	0	0	
1200	0	0	0	0	0	0	0	0	0	
1300	0	0	0	0	0	0	0	0	0	
1400	0	0	0	0	0	0	0	0	0	
1500	0	0	0	0	0	0	0	0	0	
1600	0	0	0	0	0	0	0	0	0	
1700	0	0	0	0	0	0	0	0	0	
1800	0	0	0	0	0	0	0	0	0	
1900	0	0	0	0	0	0	0	0	0	
2000	0	0	0	0	0	0	0	0	0	
2100	0	0	0	0	0	0	0	0	0	
2200	0	0	0	0	0	0	0	0	0	
2300	0	0	0	0	0	0	0	0	0	
2400.00000001	0	0	0	0	0	0	0	0	0	
2500.00000001	0	0	0	0	0	0	0	0	0	
2600.00000001	0	0	0	0	0	0	0	0	0	
2700.00000001	0	0	0	0	0	0	0	0	0	
2800.00000001	0	0	0	0	0	0	0	0	0	
2900.00000002	0	0	0	0	0	0	0	0	0	
3000.00000002	0	0	0	0	0	0	0	0	0	
3100.00000002	0	0	0	0	0	0	0	0	0	
3200.00000002	0	0	0	0	0	0	0	0	0	
3300.00000003	0	0	0	0	0	0	0	0	0	
3400.00000003	0	0	0	0	0	0	0	0	0	
3500.00000003	0	0	0	0	0	0	0	0	0	
3600.00000003	0	0	0	0	0	0	0	0	0	
3700.00000003	0.01096766	0	0	0.01367842	0	0	0.02078294	0	0	
3800.00000004	0.00993471	0	0	0.01070255	0	0	0.01561661	0	0	
3900.00000004	0.00999972	0	0	0.01011927	0	0	0.01295984	0	0	
4000.00000004	0.01006529	0	0	0.0099831	0	0	0.01158169	0	0	
4100.00000004	0.01013166	0	0	0.00998529	0	0	0.01086157	0	0	
4200.00000005	0.01019876	0	0	0.01003028	0	0	0.01048367	0	0	
4300.00000005	0.01026645	0	0	0.01008866	0	0	0.01028494	0	0	
4400.00000005	0.01033468	0	0	0.01015141	0	0	0.01018042	0	0	
4500.00000005	0.01040342	0	0	0.01021579	0	0	0.01012554	0	0	
4600.00000005	0.01047263	0	0	0.01028094	0	0	0.01009686	0	0	
4700.00000006	0.01054232	0	0	0.01034663	0	0	0.01008202	0	0	
4800.00000006	0.01061248	0	0	0.01041277	0	0	0.01007449	0	0	
4900.00000006	0.0106831	0	0	0.01047933	0	0	0.01007083	0	0	
5000.00000006	0.01075419	0	0	0.01054632	0	0	0.0100692	0	0	
5100.00000006	0.01082575	0	0	0.01061374	0	0	0.01006866	0	0	
5200.00000007	0.01089779	0	0	0.01068158	0	0	0.01006869	0	0	
5300.00000007	0.01097029	0	0	0.01074985	0	0	0.01006902	0	0	
5400.00000007	0.01104328	0	0	0.01081855	0	0	0.01006951	0	0	
5500.00000007	0.01111674	0	0	0.01088769	0	0	0.01007009	0	0	
5600.00000008	0.01119069	0	0	0.01095726	0	0	0.01007071	0	0	
5700.00000008	0.01126513	0	0	0.01102727	0	0	0.01007135	0	0	
5800.00000008	0.01134005	0	0	0.01109773	0	0	0.010072	0	0	
5900.00000008	0.01141547	0	0	0.01116863	0	0	0.01007267	0	0	
6000.00000008	0.01149138	0	0	0.01123998	0	0	0.01007333	0	0	
6100.00000009	0.01156779	0	0	0.01131178	0	0	0.010074	0	0	
6200.00000009	0.01164471	0	0	0.01138403	0	0	0.01007467	0	0	
6300.00000009	0.01172213	0	0	0.01145674	0	0	0.01007534	0	0	
6400.00000009	0.01180005	0	0	0.0115299	0	0	0.01007601	0	0	
6500.0000001	0.01187849	0	0	0.01160353	0	0	0.01007668	0	0	
6600.0000001	0.01195745	0	0	0.01167763	0	0	0.01007735	0	0	
6700.0000001	0.01203692	0	0	0.01175219	0	0	0.01007802	0	0	
6800.0000001	0.01211691	0	0	0.01182722	0	0	0.01007869	0	0	
6900.0000001	0.01219743	0	0	0.01190272	0	0	0.01007936	0	0	
7000.00000011	0.01227848	0	0	0.0119787	0	0	0.01008003	0	0	
7100.00000011	0.01236006	0	0	0.01205516	0	0	0.0100807	0	0	
7200.00000011	0.01244218	0	0	0.01213211	0	0	0.01008137	0	0	
7300.00000011	0.01252483	0	0	0.01220953	0	0	0.01008204	0	0	
7400.00000012	0.01260803	0	0	0.01228745	0	0	0.01008271	0	0	
7500.00000012	0.01269177	0	0	0.01236585	0	0	0.01008338	0	0	
7600.00000012	0.01277606	0	0	0.01244475	0	0	0.01008405	0	0	
7700.00000012	0.0128609	0	0	0.01252415	0	0	0.01008472	0	0	
7800.00000012	0.0129463	0	0	0.01260405	0	0	0.01008539	0	0	
7900.00000013	0.01303226	0	0	0.01268445	0	0	0.01008606	0	0	
8000.00000013	0.01311878	0	0	0.01276535	0	0	0.01008673	0	0	
8100.00000013	0.01320587	0	0	0.01284677	0	0	0.0100874	0	0	
8200.00000013	0.01329352	0	0	0.0129287	0	0	0.01008807	0	0	
8300.00000013	0.01338176	0	0	0.01301114	0	0	0.01008874	0	0	
8400.00000014	0.01347057	0	0	0.0130941	0	0	0.01008941	0	0	
8500.00000014	0.01355996	0	0	0.01317759	0	0	0.01009008	0	0	
8600.00000014	0.01364993	0	0	0.0132616	0	0	0.01009075	0	0	
8700.00000014	0.0137405	0	0	0.01334614	0	0	0.01009142	0	0	
8800.00000015	0.01383166	0	0	0.01343121	0	0	0.01009209	0	0	
8900.00000015	0.01392341	0	0	0.01351681	0	0	0.01009276	0	0	
9000.00000015	0.01401576	0	0	0.01360295	0	0	0.01009344	0	0	
9100.00000015	0.01410872	0	0	0.01368964	0	0	0.01009411	0	0	
9200.00000015	0.01420229	0	0	0.01377686	0	0	0.01009478	0	0	
9300.00000016	0.01429646	0	0	0.01386464	0	0	0.01009545	0	0	
9400.00000016	0.01439126	0	0	0.01395297	0	0	0.01009612	0	0	
9500.00000016	0.01448667	0	0	0.01404185	0	0	0.01009679	0	0	
9600.00000016	0.0145827	0	0	0.01413129	0	0	0.01009746	0	0	
9700.00000017	0.01467936	0	0	0.01422129	0	0	0.01009813	0	0	
9800.00000017	0.01477666	0	0	0.01431186	0	0	0.0100988	0	0	
9900.00000017	0.01487458	0	0	0.014403	0	0	0.01009948	0	0	
10000.00000017	0.01497315	0	0	0.0144947	0	0	0.01010015	0	0	
10100.00000017	0.01507236	0	0	0.01458699	0	0	0.01010082	0	0	
10200.00000018	0.01517222	0	0	0.01467985	0	0	0.01010149	0	0	
10300.00000018	0.01527273	0	0	0.01477329	0	0	0.01010216	0	0	
10400.00000018	0.01537389	0	0	0.01486732	0	0	0.01010283	0	0	
10500.00000018	0.01547571	0	0	0.01496194	0	0	0.0101035	0	0	
10600.00000018	0.0155782	0	0	0.01505715	0	0	0.01010418	0	0	
10700.00000019	0.01568136	0	0	0.01515296	0	0	0.01010485	0	0	
10800.00000019	0.01578518	0	0	0.01524937	0	0	0.01010552	0	0	
10900.00000019	0.01588969	0	0	0.01534638	0	0	0.01010619	0	0	
11000.00000019	0.01599487	0	0	0.015444	0	0	0.01010686	0	0	
11100.0000002	0.01610074	0	0	0.01554223	0	0	0.01010753	0	0	
11200.0000002	0.0162073	0	0	0.01564108	0	0	0.01010821	0	0	
11300.0000002	0.01631455	0	0	0.01574054	0	0	0.01010888	0	0	
11400.0000002	0.0164225	0	0	0.01584063	0	0	0.01010955	0	0	
11500.0000002	0.01653115	0	0	0.01594134	0	0	0.01011022	0	0	
11600.00000021	0.01664051	0	0	0.01604268	0	0	0.01011089	0	0	
11700.00000021	0.01675058	0	0	0.01614466	0	0	0.01011157	0	0	
11800.00000021	0.01686137	0	0	0.01624727	0	0	0.01011224	0	0	
11900.00000021	0.01697287	0	0	0.01635053	0	0	0.01011291	0	0	
12000.00000022	0.0170851	0	0	0.01645443	0	0	0.01011358	0	0	
12100.00000022	0.01719806	0	0	0.01655898	0	0	0.01011426	0	0	
12200.00000022	0.01731175	0	0	0.01666418	0	0	0.01011493	0	0	
12300.00000022	0.01742618	0	0	0.01677004	0	0	0.0101156	0	0	
12400.00000022	0.01754136	0	0	0.01687656	0	0	0.01011627	0	0	
12500.00000023	0.01765728	0	0	0.01698375	0	0	0.01011694	0	0	
12600.00000023	0.01777395	0	0	0.0170916	0	0	0.01011762	0	0	
12700.00000023	0.01789138	0	0	0.01720013	0	0	0.01011829	0	0	
12800.00000023	0.01800957	0	0	0.01730933	0	0	0.01011896	0	0	
12900.00000024	0.01812853	0	0	0.01741922	0	0	0.01011964	0	0	
13000.00000024	0.01824826	0	0	0.01752979	0	0	0.01012031	0	0	
13100.00000024	0.01836877	0	0	0.01764105	0	0	0.01012098	0	0	
13200.00000024	0.01849005	0	0	0.017753	0	0	0.01012165	0	0	
13300.00000024	0.01861212	0	0	0.01786565	0	0	0.01012233	0	0	
13400.00000025	0.01873499	0	0	0.01797901	0	0	0.010123	0	0	
13500.00000025	0.01885865	0	0	0.01809307	0	0	0.01012367	0	0	
13600.00000025	0.0189831	0	0	0.01820783	0	0	0.01012434	0	0	
13700.00000025	0.01910837	0	0	0.01832332	0	0	0.01012502	0	0	
13800.00000025	0.01923444	0	0	0.01843952	0	0	0.01012569	0	0	
13900.00000026	0.01936133	0	0	0.01855644	0	0	0.01012636	0	0	
14000.00000026	0.01948904	0	0	0.0186741	0	0	0.01012704	0	0	
14100.00000026	0.01961757	0	0	0.01879248	0	0	0.01012771	0	0	
14200.00000026	0.01974694	0	0	0.0189116	0	0	0.01012838	0	0	
14300.00000027	0.01987714	0	0	0.01903146	0	0	0.01012906	0	0	
14400.00000027	0.02000818	0	0	0.01915207	0	0	0.01012973	0	0	
14500.00000027	0.02014007	0	0	0.01927342	0	0	0.0101304	0	0	
14600.00000027	0.02027281	0	0	0.01939553	0	0	0.01013108	0	0	
