TIME	R1:1	R2:1	R3:1	R1:2	R2:2	R3:2	
0	0	0	0	0	0	0	
100	0	0	0	0	0	0	
200	0	0	0	0	0	0	
300	0	0	0	0	0	0	
400	0	0	0	0	0	0	
500	0	0	0	0	0	0	
600	0	0	0	0	0	0	
700	0	0	0	0	0	0	
800	0	0	0	0	0	0	
900	0	0	0	0	0	0	
1000	0	0	0	0	0	0	
1100	0	0	0	0	0	0	
1200	0	0	0	0	0	0	
1300	0	0	0	0	0	0	
1400	0	0	0	0	0	0	
1500	0	0	0	0	0	0	
1600	0	0	0	0	0	0	
1700	0	0	0	0	0	0	
1800	0	0	0	0	0	0	
1900	0	0	0	0	0	0	
2000	0	0	0	0	0	0	
2100	0	0	0	0	0	0	
2200	0	0	0	0	0	0	
2300	0	0	0	0	0	0	
2400.00000001	0	0	0	0	0	0	
2500.00000001	0	0	0	0	0	0	
2600.00000001	0	0	0	0	0	0	
2700.00000001	0	0	0	0	0	0	
2800.00000001	0	0	0	0	0	0	
2900.00000002	0	0	0	0	0	0	
3000.00000002	0	0	0	0	0	0	
3100.00000002	0	0	0	0	0	0	
3200.00000002	0	0	0	0	0	0	
3300.00000003	0	0	0	0	0	0	
3400.00000003	0	0	0	0	0	0	
3500.00000003	0	0	0	0	0	0	
3600.00000003	0	0	0	0	0	0	
3700.00000003	0	0.01115301	0	0	0.01415865	0	
3800.00000004	0	0.01001975	0	0	0.01099201	0	
3900.00000004	0	0.01002548	0	0	0.01031667	0	
4000.00000004	0	0.01003755	0	0	0.01010849	0	
4100.00000004	0	0.01005335	0	0	0.01004458	0	
4200.00000005	0	0.01007134	0	0	0.01002501	0	
4300.00000005	0	0.0100906	0	0	0.01001902	0	
4400.00000005	0	0.01011059	0	0	0.01001719	0	
4500.00000005	0	0.01013101	0	0	0.01001663	0	
4600.00000005	0	0.01015169	0	0	0.01001645	0	
4700.00000006	0	0.01017253	0	0	0.0100164	0	
4800.00000006	0	0.01019349	0	0	0.01001639	0	
4900.00000006	0	0.01021454	0	0	0.01001638	0	
5000.00000006	0	0.01023565	0	0	0.01001638	0	
5100.00000006	0	0.01025681	0	0	0.01001638	0	
5200.00000007	0	0.01027803	0	0	0.01001638	0	
5300.00000007	0	0.01029929	0	0	0.01001638	0	
5400.00000007	0	0.0103206	0	0	0.01001638	0	
5500.00000007	0	0.01034195	0	0	0.01001638	0	
5600.00000008	0	0.01036335	0	0	0.01001638	0	
5700.00000008	0	0.01038479	0	0	0.01001638	0	
5800.00000008	0	0.01040627	0	0	0.01001638	0	
5900.00000008	0	0.0104278	0	0	0.01001638	0	
6000.00000008	0	0.01044937	0	0	0.01001638	0	
6100.00000009	0	0.01047099	0	0	0.01001638	0	
6200.00000009	0	0.01049265	0	0	0.01001638	0	
6300.00000009	0	0.01051436	0	0	0.01001638	0	
6400.00000009	0	0.01053611	0	0	0.01001638	0	
6500.0000001	0	0.0105579	0	0	0.01001638	0	
6600.0000001	0	0.01057974	0	0	0.01001638	0	
6700.0000001	0	0.01060162	0	0	0.01001638	0	
6800.0000001	0	0.01062355	0	0	0.01001638	0	
6900.0000001	0	0.01064552	0	0	0.01001638	0	
7000.00000011	0	0.01066754	0	0	0.01001638	0	
7100.00000011	0	0.0106896	0	0	0.01001638	0	
7200.00000011	0	0.01071171	0	0	0.01001638	0	
7300.00000011	0	0.01073386	0	0	0.01001638	0	
7400.00000012	0	0.01075606	0	0	0.01001638	0	
7500.00000012	0	0.0107783	0	0	0.01001638	0	
7600.00000012	0	0.01080059	0	0	0.01001638	0	
7700.00000012	0	0.01082292	0	0	0.01001638	0	
7800.00000012	0	0.0108453	0	0	0.01001638	0	
7900.00000013	0	0.01086773	0	0	0.01001638	0	
8000.00000013	0	0.0108902	0	0	0.01001638	0	
8100.00000013	0	0.01091271	0	0	0.01001638	0	
8200.00000013	0	0.01093528	0	0	0.01001638	0	
8300.00000013	0	0.01095788	0	0	0.01001638	0	
8400.00000014	0	0.01098054	0	0	0.01001638	0	
8500.00000014	0	0.01100324	0	0	0.01001638	0	
8600.00000014	0	0.01102598	0	0	0.01001638	0	
8700.00000014	0	0.01104878	0	0	0.01001638	0	
8800.00000015	0	0.01107162	0	0	0.01001638	0	
8900.00000015	0	0.0110945	0	0	0.01001638	0	
9000.00000015	0	0.01111743	0	0	0.01001638	0	
9100.00000015	0	0.01114041	0	0	0.01001638	0	
9200.00000015	0	0.01116344	0	0	0.01001638	0	
9300.00000016	0	0.01118651	0	0	0.01001638	0	
9400.00000016	0	0.01120963	0	0	0.01001638	0	
9500.00000016	0	0.0112328	0	0	0.01001638	0	
9600.00000016	0	0.01125601	0	0	0.01001638	0	
9700.00000017	0	0.01127927	0	0	0.01001638	0	
9800.00000017	0	0.01130258	0	0	0.01001638	0	
9900.00000017	0	0.01132594	0	0	0.01001638	0	
10000.00000017	0	0.01134934	0	0	0.01001638	0	
10100.00000017	0	0.01137279	0	0	0.01001638	0	
10200.00000018	0	0.01139629	0	0	0.01001638	0	
10300.00000018	0	0.01141984	0	0	0.01001638	0	
10400.00000018	0	0.01144343	0	0	0.01001638	0	
10500.00000018	0	0.01146707	0	0	0.01001638	0	
10600.00000018	0	0.01149076	0	0	0.01001638	0	
10700.00000019	0	0.0115145	0	0	0.01001638	0	
10800.00000019	0	0.01153829	0	0	0.01001638	0	
10900.00000019	0	0.01156212	0	0	0.01001638	0	
11000.00000019	0	0.01158601	0	0	0.01001638	0	
11100.0000002	0	0.01160994	0	0	0.01001638	0	
11200.0000002	0	0.01163392	0	0	0.01001638	0	
11300.0000002	0	0.01165795	0	0	0.01001638	0	
11400.0000002	0	0.01168203	0	0	0.01001638	0	
11500.0000002	0	0.01170616	0	0	0.01001638	0	
11600.00000021	0	0.01173033	0	0	0.01001638	0	
11700.00000021	0	0.01175456	0	0	0.01001638	0	
11800.00000021	0	0.01177884	0	0	0.01001638	0	
11900.00000021	0	0.01180316	0	0	0.01001638	0	
12000.00000022	0	0.01182753	0	0	0.01001638	0	
12100.00000022	0	0.01185196	0	0	0.01001638	0	
12200.00000022	0	0.01187643	0	0	0.01001638	0	
12300.00000022	0	0.01190095	0	0	0.01001638	0	
12400.00000022	0	0.01192553	0	0	0.01001638	0	
12500.00000023	0	0.01195015	0	0	0.01001638	0	
12600.00000023	0	0.01197482	0	0	0.01001638	0	
12700.00000023	0	0.01199954	0	0	0.01001638	0	
12800.00000023	0	0.01202432	0	0	0.01001638	0	
12900.00000024	0	0.01204914	0	0	0.01001638	0	
13000.00000024	0	0.01207401	0	0	0.01001638	0	
13100.00000024	0	0.01209894	0	0	0.01001638	0	
13200.00000024	0	0.01212391	0	0	0.01001638	0	
13300.00000024	0	0.01214894	0	0	0.01001638	0	
13400.00000025	0	0.01217402	0	0	0.01001638	0	
13500.00000025	0	0.01219914	0	0	0.01001638	0	
13600.00000025	0	0.01222432	0	0	0.01001638	0	
13700.00000025	0	0.01224955	0	0	0.01001638	0	
13800.00000025	0	0.01227483	0	0	0.01001638	0	
13900.00000026	0	0.01230016	0	0	0.01001638	0	
14000.00000026	0	0.01232555	0	0	0.01001638	0	
14100.00000026	0	0.01235098	0	0	0.01001638	0	
14200.00000026	0	0.01237647	0	0	0.01001638	0	
14300.00000027	0	0.01240201	0	0	0.01001638	0	
14400.00000027	0	0.0124276	0	0	0.01001638	0	
14500.00000027	0	0.01245324	0	0	0.01001638	0	
14600.00000027	0	0.01247893	0	0	0.01001638	0	
