TIME	R3:1	R3:2	R3:3	R3:4	R3:5	R3:6	R3:7	R3:8	R3:9	R3:10	R3:11	R3:12	R3:13	R3:14	
0	0	0	0	0	0	0	0	0	0	0	0	0	0	0	
100	0	0	0	0	0	0	0	0	0	0	0	0	0	0	
200	0	0	0	0	0	0	0	0	0	0	0	0	0	0	
300	0	0	0	0	0	0	0	0	0	0	0	0	0	0	
400	0	0	0	0	0	0	0	0	0	0	0	0	0	0	
500	0	0	0	0	0	0	0	0	0	0	0	0	0	0	
600	0	0	0	0	0	0	0	0	0	0	0	0	0	0	
700	0	0	0	0	0	0	0	0	0	0	0	0	0	0	
800	0	0	0	0	0	0	0	0	0	0	0	0	0	0	
900	0	0	0	0	0	0	0	0	0	0	0	0	0	0	
1000	0	0	0	0	0	0	0	0	0	0	0	0	0	0	
1100	0	0	0	0	0	0	0	0	0	0	0	0	0	0	
1200	0	0	0	0	0	0	0	0	0	0	0	0	0	0	
1300	0	0	0	0	0	0	0	0	0	0	0	0	0	0	
1400	0	0	0	0	0	0	0	0	0	0	0	0	0	0	
1500	0	0	0	0	0	0	0	0	0	0	0	0	0	0	
1600	0	0	0	0	0	0	0	0	0	0	0	0	0	0	
1700	0	0	0	0	0	0	0	0	0	0	0	0	0	0	
1800	0	0	0	0	0	0	0	0	0	0	0	0	0	0	
1900	0	0	0	0	0	0	0	0	0	0	0	0	0	0	
2000	0	0	0	0	0	0	0	0	0	0	0	0	0	0	
2100	0	0	0	0	0	0	0	0	0	0	0	0	0	0	
2200	0	0	0	0	0	0	0	0	0	0	0	0	0	0	
2300	0	0	0	0	0	0	0	0	0	0	0	0	0	0	
2400.00000001	0	0	0	0	0	0	0	0	0	0	0	0	0	0	
2500.00000001	0	0	0	0	0	0	0	0	0	0	0	0	0	0	
2600.00000001	0	0	0	0	0	0	0	0	0	0	0	0	0	0	
2700.00000001	0	0	0	0	0	0	0	0	0	0	0	0	0	0	
2800.00000001	0	0	0	0	0	0	0	0	0	0	0	0	0	0	
2900.00000002	0	0	0	0	0	0	0	0	0	0	0	0	0	0	
3000.00000002	0	0	0	0	0	0	0	0	0	0	0	0	0	0	
3100.00000002	0	0	0	0	0	0	0	0	0	0	0	0	0	0	
3200.00000002	0	0	0	0	0	0	0	0	0	0	0	0	0	0	
3300.00000003	0	0	0	0	0	0	0	0	0	0	0	0	0	0	
3400.00000003	0	0	0	0	0	0	0	0	0	0	0	0	0	0	
3500.00000003	0	0	0	0	0	0	0	0	0	0	0	0	0	0	
3600.00000003	0	0	0	0	0	0	0	0	0	0	0	0	0	0	
3700.00000003	0.01096828	0.01092778	0.01088747	0.01083136	0.01077721	0.01071867	0.01065427	0.01367842	0.01359486	0.01351203	0.01339728	0.01328713	0.01316874	0.0130393	
3800.00000004	0.00989603	0.00980946	0.00972376	0.00960521	0.00949162	0.00936976	0.0092368	0.01070255	0.01056492	0.01043004	0.01024571	0.01007148	0.00988709	0.00968887	
3900.00000004	0.0099817	0.0098448	0.00970994	0.00952449	0.00934803	0.00916004	0.00895652	0.01011927	0.009946	0.00977692	0.00954694	0.00933073	0.00910312	0.00885977	
4000.00000004	0.01008537	0.00989729	0.00971293	0.00946093	0.00922277	0.00897082	0.00870015	0.0099831	0.00976922	0.00956106	0.00927885	0.00901453	0.00873734	0.00844225	
4100.00000004	0.01020036	0.00996008	0.00972572	0.00940727	0.00910837	0.00879437	0.00845964	0.00998529	0.00972557	0.00947365	0.00913351	0.00881647	0.00848567	0.0081355	
4200.00000005	0.01032259	0.01002905	0.00974415	0.00935933	0.00900059	0.00862638	0.00823052	0.01003028	0.00972183	0.00942386	0.00902354	0.00865254	0.00826776	0.00786316	
4300.00000005	0.01044966	0.01010178	0.00976581	0.00931469	0.008897	0.00846435	0.00801019	0.01008866	0.00973002	0.00938512	0.00892423	0.00849978	0.0080624	0.00760577	
4400.00000005	0.01058022	0.0101769	0.00978932	0.00927197	0.00879623	0.00830689	0.00779717	0.01015141	0.00974178	0.00934968	0.00882865	0.00835191	0.00786394	0.00735823	
4500.00000005	0.01071349	0.01025364	0.00981391	0.00923041	0.0086975	0.00815319	0.00759058	0.01021579	0.00975462	0.00931529	0.00873482	0.0082072	0.0076708	0.00711906	
4600.00000005	0.01084906	0.01033155	0.00983913	0.00918958	0.00860038	0.00800279	0.00738986	0.01028094	0.0097678	0.00928129	0.00864219	0.00806513	0.00748249	0.0068877	
4700.00000006	0.01098667	0.01041039	0.00986475	0.00914924	0.00850463	0.00785542	0.00719466	0.01034663	0.00978109	0.00924749	0.00855059	0.00792555	0.00729881	0.00666383	
4800.00000006	0.01112621	0.01049001	0.00989061	0.00910924	0.00841009	0.00771089	0.00700472	0.01041277	0.00979442	0.00921384	0.00845997	0.00778838	0.00711961	0.0064472	
4900.00000006	0.0112676	0.01057035	0.00991665	0.00906951	0.00831669	0.00756908	0.00681984	0.01047933	0.00980778	0.00918031	0.00837031	0.00765357	0.00694478	0.00623757	
5000.00000006	0.01141083	0.01065134	0.00994281	0.00903002	0.00822437	0.00742991	0.00663985	0.01054632	0.00982117	0.00914691	0.00828159	0.00752107	0.00677422	0.00603471	
5100.00000006	0.01155589	0.01073299	0.00996907	0.00899072	0.0081331	0.00729331	0.00646461	0.01061374	0.00983457	0.00911363	0.0081938	0.00739085	0.00660782	0.00583842	
5200.00000007	0.01170278	0.01081527	0.00999542	0.00895162	0.00804285	0.00715922	0.00629398	0.01068158	0.00984799	0.00908047	0.00810694	0.00726287	0.00644548	0.00564847	
5300.00000007	0.01185152	0.01089817	0.01002185	0.00891269	0.00795361	0.0070276	0.00612783	0.01074985	0.00986142	0.00904742	0.00802099	0.00713709	0.0062871	0.00546466	
5400.00000007	0.01200212	0.01098171	0.01004835	0.00887394	0.00786535	0.00689838	0.00596606	0.01081855	0.00987488	0.0090145	0.00793594	0.00701347	0.00613259	0.00528681	
5500.00000007	0.01215461	0.01106588	0.01007492	0.00883536	0.00777808	0.00677153	0.00580853	0.01088769	0.00988835	0.0089817	0.00785179	0.00689198	0.00598185	0.00511471	
5600.00000008	0.01230899	0.01115068	0.01010156	0.00879695	0.00769177	0.006647	0.00565515	0.01095726	0.00990184	0.00894901	0.00776852	0.00677257	0.0058348	0.00494819	
5700.00000008	0.01246531	0.01123613	0.01012827	0.00875871	0.00760642	0.00652476	0.0055058	0.01102727	0.00991535	0.00891644	0.00768613	0.00665523	0.00569134	0.00478707	
5800.00000008	0.01262357	0.01132221	0.01015505	0.00872064	0.00752201	0.00640475	0.00536037	0.01109773	0.00992888	0.00888399	0.00760461	0.0065399	0.00555139	0.00463116	
5900.00000008	0.0127838	0.01140894	0.01018189	0.00868273	0.00743853	0.00628694	0.00521877	0.01116863	0.00994243	0.00885166	0.00752394	0.00642656	0.00541486	0.00448031	
6000.00000008	0.01294603	0.01149632	0.01020881	0.00864499	0.00735598	0.00617128	0.0050809	0.01123998	0.00995599	0.00881944	0.00744413	0.00631517	0.00528167	0.00433436	
6100.00000009	0.01311027	0.01158435	0.0102358	0.00860741	0.00727434	0.00605774	0.00494665	0.01131178	0.00996958	0.00878734	0.00736515	0.00620569	0.00515174	0.00419314	
6200.00000009	0.01327656	0.01167305	0.01026285	0.00856999	0.0071936	0.00594629	0.00481594	0.01138403	0.00998318	0.00875535	0.00728701	0.00609811	0.005025	0.0040565	
6300.00000009	0.01344491	0.01176241	0.01028997	0.00853274	0.00711376	0.00583687	0.00468866	0.01145674	0.0099968	0.00872348	0.00720969	0.00599238	0.00490135	0.00392429	
6400.00000009	0.01361536	0.01185244	0.01031717	0.00849565	0.00703479	0.00572946	0.00456474	0.0115299	0.01001044	0.00869173	0.00713318	0.00588847	0.00478073	0.00379638	
6500.0000001	0.01378792	0.01194314	0.01034443	0.00845873	0.00695671	0.00562402	0.00444408	0.01160353	0.01002409	0.00866009	0.00705748	0.00578635	0.00466307	0.00367262	
6600.0000001	0.01396262	0.01203453	0.01037176	0.00842196	0.00687948	0.00552051	0.0043266	0.01167763	0.01003777	0.00862856	0.00698258	0.00568599	0.00454829	0.00355288	
6700.0000001	0.01413948	0.01212659	0.01039916	0.00838535	0.00680311	0.00541889	0.00421221	0.01175219	0.01005146	0.00859715	0.00690847	0.00558737	0.00443632	0.00343703	
6800.0000001	0.01431854	0.01221935	0.01042664	0.00834891	0.00672758	0.00531914	0.00410083	0.01182722	0.01006517	0.00856585	0.00683513	0.00549044	0.00432709	0.00332495	
6900.0000001	0.01449982	0.0123128	0.01045418	0.00831262	0.00665289	0.00522122	0.0039924	0.01190272	0.01007891	0.00853467	0.00676258	0.00539519	0.00422055	0.00321651	
7000.00000011	0.01468334	0.01240695	0.01048179	0.00827649	0.00657903	0.0051251	0.00388681	0.0119787	0.01009265	0.00850359	0.00669078	0.00530158	0.00411661	0.0031116	
7100.00000011	0.01486913	0.0125018	0.01050947	0.00824052	0.00650598	0.00503074	0.00378402	0.01205516	0.01010642	0.00847263	0.00661975	0.00520959	0.00401523	0.00301009	
7200.00000011	0.01505722	0.01259736	0.01053723	0.0082047	0.00643374	0.00493811	0.00368393	0.01213211	0.01012021	0.00844178	0.00654946	0.00511918	0.00391633	0.00291189	
7300.00000011	0.01524763	0.01269363	0.01056505	0.00816904	0.0063623	0.00484717	0.00358648	0.01220953	0.01013401	0.00841104	0.00647991	0.00503034	0.00381986	0.00281689	
7400.00000012	0.0154404	0.01279063	0.01059294	0.00813354	0.00629165	0.00475791	0.0034916	0.01228745	0.01014784	0.00838042	0.0064111	0.00494303	0.00372576	0.00272497	
7500.00000012	0.01563554	0.01288834	0.01062091	0.00809819	0.00622178	0.00467029	0.00339923	0.01236585	0.01016168	0.0083499	0.00634301	0.00485723	0.00363396	0.00263605	
7600.00000012	0.01583309	0.01298679	0.01064895	0.00806299	0.00615269	0.00458427	0.00330929	0.01244475	0.01017554	0.00831949	0.00627565	0.00477291	0.00354442	0.00255002	
7700.00000012	0.01603308	0.01308597	0.01067706	0.00802795	0.00608436	0.00449983	0.00322173	0.01252415	0.01018942	0.0082892	0.00620899	0.00469004	0.00345708	0.00246679	
7800.00000012	0.01623553	0.01318589	0.01070524	0.00799306	0.00601678	0.00441695	0.00313647	0.01260405	0.01020332	0.00825901	0.00614304	0.00460861	0.00337188	0.00238627	
7900.00000013	0.01644047	0.01328655	0.01073349	0.00795832	0.00594996	0.00433558	0.00305347	0.01268445	0.01021724	0.00822893	0.00607778	0.00452859	0.00328878	0.00230837	
8000.00000013	0.01664794	0.01338796	0.01076181	0.00792373	0.00588387	0.00425571	0.00297266	0.01276535	0.01023117	0.00819896	0.00601321	0.00444995	0.00320772	0.00223301	
8100.00000013	0.01685796	0.01349013	0.01079021	0.0078893	0.00581852	0.0041773	0.00289398	0.01284677	0.01024513	0.0081691	0.00594933	0.00437267	0.00312865	0.00216011	
8200.00000013	0.01707055	0.01359306	0.01081868	0.00785501	0.00575389	0.00410034	0.00281738	0.0129287	0.0102591	0.00813935	0.00588612	0.00429672	0.00305152	0.00208958	
8300.00000013	0.01728576	0.01369676	0.01084722	0.00782087	0.00568998	0.00402479	0.0027428	0.01301114	0.01027309	0.0081097	0.00582357	0.00422209	0.00297629	0.00202135	
8400.00000014	0.01750361	0.01380122	0.01087583	0.00778689	0.00562677	0.00395063	0.00267019	0.0130941	0.0102871	0.00808017	0.00576169	0.00414875	0.00290291	0.00195534	
8500.00000014	0.01772414	0.01390647	0.01090452	0.00775305	0.00556426	0.00387783	0.0025995	0.01317759	0.01030113	0.00805073	0.00570046	0.00407668	0.00283133	0.00189148	
8600.00000014	0.01794736	0.01401249	0.01093328	0.00771935	0.00550245	0.00380636	0.00253068	0.0132616	0.01031518	0.00802141	0.00563988	0.00400585	0.00276151	0.00182971	
8700.00000014	0.01817332	0.0141193	0.01096211	0.00768581	0.00544132	0.00373621	0.00246367	0.01334614	0.01032925	0.00799219	0.00557994	0.00393626	0.00269341	0.00176995	
8800.00000015	0.01840205	0.01422691	0.01099102	0.00765241	0.00538087	0.00366736	0.00239844	0.01343121	0.01034334	0.00796307	0.00552063	0.00386786	0.00262698	0.00171214	
8900.00000015	0.01863357	0.01433532	0.01102	0.00761915	0.00532108	0.00359976	0.00233493	0.01351681	0.01035745	0.00793407	0.00546195	0.00380065	0.00256219	0.00165621	
9000.00000015	0.01886792	0.01444453	0.01104905	0.00758604	0.00526196	0.00353341	0.00227309	0.01360295	0.01037157	0.00790516	0.00540389	0.0037346	0.00249899	0.0016021	
9100.00000015	0.01910514	0.01455455	0.01107818	0.00755308	0.0052035	0.00346828	0.0022129	0.01368964	0.01038571	0.00787636	0.00534644	0.0036697	0.00243735	0.00154977	
9200.00000015	0.01934525	0.01466538	0.01110738	0.00752025	0.00514568	0.00340434	0.00215429	0.01377686	0.01039988	0.00784767	0.0052896	0.00360592	0.00237722	0.00149914	
9300.00000016	0.01958828	0.01477704	0.01113666	0.00748758	0.00508851	0.00334159	0.00209723	0.01386464	0.01041406	0.00781907	0.00523336	0.00354325	0.00231858	0.00145016	
9400.00000016	0.01983428	0.01488952	0.01116601	0.00745504	0.00503196	0.00327998	0.00204169	0.01395297	0.01042826	0.00779059	0.00517772	0.00348166	0.00226137	0.00140277	
9500.00000016	0.02008328	0.01500284	0.01119543	0.00742264	0.00497605	0.00321951	0.00198761	0.01404185	0.01044248	0.0077622	0.00512266	0.00342113	0.00220558	0.00135694	
9600.00000016	0.02033531	0.015117	0.01122493	0.00739039	0.00492075	0.00316015	0.00193496	0.01413129	0.01045672	0.00773392	0.00506819	0.00336166	0.00215116	0.0013126	
9700.00000017	0.02059039	0.015232	0.0112545	0.00735828	0.00486606	0.00310188	0.0018837	0.01422129	0.01047098	0.00770574	0.00501429	0.00330322	0.00209808	0.00126971	
9800.00000017	0.02084858	0.01534785	0.01128415	0.0073263	0.00481199	0.00304469	0.0018338	0.01431186	0.01048526	0.00767766	0.00496097	0.00324578	0.0020463	0.00122821	
9900.00000017	0.02110991	0.01546456	0.01131388	0.00729447	0.00475851	0.00298855	0.00178522	0.014403	0.01049956	0.00764968	0.00490821	0.00318935	0.0019958	0.00118807	
10000.00000017	0.0213744	0.01558213	0.01134368	0.00726277	0.00470562	0.00293344	0.00173792	0.0144947	0.01051388	0.00762181	0.004856	0.00313389	0.00194655	0.00114925	
10100.00000017	0.02164209	0.01570056	0.01137355	0.00723121	0.00465332	0.00287934	0.00169188	0.01458699	0.01052821	0.00759403	0.00480435	0.0030794	0.00189851	0.00111169	
10200.00000018	0.02191303	0.01581988	0.0114035	0.00719979	0.00460161	0.00282624	0.00164705	0.01467985	0.01054257	0.00756636	0.00475325	0.00302584	0.00185165	0.00107535	
10300.00000018	0.02218725	0.01594007	0.01143353	0.00716851	0.00455046	0.00277412	0.00160341	0.01477329	0.01055694	0.00753878	0.00470269	0.00297322	0.00180594	0.0010402	
10400.00000018	0.02246478	0.01606115	0.01146363	0.00713736	0.00449988	0.00272295	0.00156092	0.01486732	0.01057134	0.00751131	0.00465266	0.00292151	0.00176137	0.0010062	
10500.00000018	0.02274566	0.01618313	0.01149381	0.00710635	0.00444986	0.00267273	0.00151956	0.01496194	0.01058575	0.00748393	0.00460316	0.0028707	0.00171789	0.00097331	
10600.00000018	0.02302994	0.016306	0.01152407	0.00707547	0.0044004	0.00262343	0.0014793	0.01505715	0.01060018	0.00745665	0.00455419	0.00282077	0.00167548	0.0009415	
10700.00000019	0.02331764	0.01642978	0.0115544	0.00704473	0.00435148	0.00257504	0.0014401	0.01515296	0.01061464	0.00742948	0.00450573	0.0027717	0.00163412	0.00091072	
10800.00000019	0.0236088	0.01655446	0.01158481	0.00701412	0.00430311	0.00252754	0.00140193	0.01524937	0.01062911	0.0074024	0.00445779	0.00272348	0.00159377	0.00088095	
10900.00000019	0.02390347	0.01668007	0.0116153	0.00698365	0.00425528	0.00248092	0.00136478	0.01534638	0.0106436	0.00737542	0.00441036	0.00267611	0.00155442	0.00085215	
11000.00000019	0.02420169	0.0168066	0.01164586	0.0069533	0.00420797	0.00243515	0.00132861	0.015444	0.01065811	0.00734853	0.00436342	0.00262955	0.00151604	0.00082429	
11100.0000002	0.02450348	0.01693406	0.0116765	0.00692309	0.00416119	0.00239023	0.0012934	0.01554223	0.01067264	0.00732174	0.00431699	0.0025838	0.00147861	0.00079734	
11200.0000002	0.0248089	0.01706246	0.01170722	0.00689301	0.00411493	0.00234613	0.00125912	0.01564108	0.01068719	0.00729505	0.00427105	0.00253885	0.0014421	0.00077127	
11300.0000002	0.02511798	0.0171918	0.01173802	0.00686306	0.00406918	0.00230285	0.00122575	0.01574054	0.01070176	0.00726846	0.00422559	0.00249467	0.00140649	0.00074605	
11400.0000002	0.02543076	0.01732209	0.01176889	0.00683325	0.00402394	0.00226036	0.00119326	0.01584063	0.01071635	0.00724196	0.00418062	0.00245126	0.00137176	0.00072166	
11500.0000002	0.02574729	0.01745334	0.01179985	0.00680356	0.0039792	0.00221866	0.00116163	0.01594134	0.01073096	0.00721556	0.00413612	0.00240861	0.00133789	0.00069807	
11600.00000021	0.0260676	0.01758555	0.01183088	0.006774	0.00393496	0.00217772	0.00113084	0.01604268	0.01074559	0.00718926	0.0040921	0.0023667	0.00130485	0.00067524	
11700.00000021	0.02639173	0.01771873	0.01186199	0.00674457	0.00389121	0.00213754	0.00110086	0.01614466	0.01076024	0.00716305	0.00404854	0.00232551	0.00127262	0.00065316	
11800.00000021	0.02671974	0.01785288	0.01189317	0.00671527	0.00384794	0.0020981	0.00107168	0.01624727	0.01077491	0.00713693	0.00400544	0.00228504	0.00124119	0.0006318	
11900.00000021	0.02705165	0.01798802	0.01192444	0.00668609	0.00380516	0.00205939	0.00104327	0.01635053	0.0107896	0.00711091	0.0039628	0.00224527	0.00121054	0.00061115	
12000.00000022	0.02738751	0.01812415	0.01195579	0.00665704	0.00376284	0.00202138	0.00101562	0.01645443	0.0108043	0.00708499	0.00392061	0.00220619	0.00118064	0.00059116	
12100.00000022	0.02772737	0.01826127	0.01198721	0.00662812	0.003721	0.00198408	0.00098869	0.01655898	0.01081903	0.00705915	0.00387887	0.00216779	0.00115148	0.00057183	
12200.00000022	0.02807127	0.0183994	0.01201872	0.00659933	0.00367962	0.00194747	0.00096248	0.01666418	0.01083378	0.00703341	0.00383758	0.00213006	0.00112304	0.00055313	
12300.00000022	0.02841924	0.01853854	0.0120503	0.00657066	0.00363871	0.00191153	0.00093697	0.01677004	0.01084855	0.00700777	0.00379672	0.00209298	0.0010953	0.00053504	
12400.00000022	0.02877135	0.01867869	0.01208196	0.00654211	0.00359824	0.00187625	0.00091213	0.01687656	0.01086334	0.00698221	0.00375629	0.00205655	0.00106824	0.00051754	
12500.00000023	0.02912762	0.01881987	0.01211371	0.00651369	0.00355823	0.00184163	0.00088794	0.01698375	0.01087814	0.00695675	0.00371629	0.00202075	0.00104186	0.00050062	
12600.00000023	0.02948811	0.01896207	0.01214553	0.00648539	0.00351866	0.00180764	0.0008644	0.0170916	0.01089297	0.00693138	0.00367672	0.00198557	0.00101612	0.00048425	
12700.00000023	0.02985286	0.01910532	0.01217744	0.00645722	0.00347953	0.00177428	0.00084148	0.01720013	0.01090782	0.00690611	0.00363757	0.00195101	0.00099102	0.00046841	
12800.00000023	0.03022191	0.0192496	0.01220942	0.00642917	0.00344083	0.00174153	0.00081917	0.01730933	0.01092269	0.00688092	0.00359883	0.00191704	0.00096654	0.00045309	
12900.00000024	0.03059531	0.01939494	0.01224149	0.00640124	0.00340256	0.00170938	0.00079745	0.01741922	0.01093757	0.00685583	0.0035605	0.00188366	0.00094266	0.00043827	
13000.00000024	0.03097311	0.01954134	0.01227363	0.00637343	0.00336472	0.00167783	0.00077631	0.01752979	0.01095248	0.00683083	0.00352258	0.00185087	0.00091937	0.00042394	
13100.00000024	0.03135535	0.01968881	0.01230586	0.00634574	0.0033273	0.00164686	0.00075573	0.01764105	0.01096741	0.00680591	0.00348506	0.00181864	0.00089666	0.00041007	
13200.00000024	0.03174209	0.01983734	0.01233817	0.00631818	0.00329029	0.00161647	0.00073569	0.017753	0.01098236	0.00678109	0.00344795	0.00178698	0.00087451	0.00039666	
13300.00000024	0.03213336	0.01998696	0.01237056	0.00629073	0.00325369	0.00158663	0.00071618	0.01786565	0.01099732	0.00675636	0.00341122	0.00175586	0.0008529	0.00038369	
13400.00000025	0.03252921	0.02013767	0.01240303	0.0062634	0.0032175	0.00155734	0.00069719	0.01797901	0.01101231	0.00673172	0.00337488	0.00172529	0.00083183	0.00037114	
13500.00000025	0.0329297	0.02028947	0.01243558	0.00623619	0.00318171	0.00152859	0.0006787	0.01809307	0.01102732	0.00670716	0.00333893	0.00169524	0.00081127	0.000359	
13600.00000025	0.03333487	0.02044237	0.01246822	0.0062091	0.00314632	0.00150037	0.00066071	0.01820783	0.01104235	0.0066827	0.00330337	0.00166572	0.00079123	0.00034726	
13700.00000025	0.03374477	0.02059638	0.01250094	0.00618213	0.00311133	0.00147268	0.00064319	0.01832332	0.0110574	0.00665832	0.00326818	0.00163672	0.00077168	0.0003359	
13800.00000025	0.03415945	0.0207515	0.01253374	0.00615528	0.00307672	0.00144549	0.00062613	0.01843952	0.01107247	0.00663403	0.00323336	0.00160821	0.00075261	0.00032491	
13900.00000026	0.03457896	0.02090775	0.01256662	0.00612854	0.00304249	0.0014188	0.00060953	0.01855644	0.01108756	0.00660984	0.00319891	0.0015802	0.00073402	0.00031428	
14000.00000026	0.03500334	0.02106514	0.01259958	0.00610192	0.00300865	0.00139261	0.00059336	0.0186741	0.01110267	0.00658572	0.00316483	0.00155268	0.00071588	0.000304	
14100.00000026	0.03543266	0.02122366	0.01263263	0.00607541	0.00297518	0.0013669	0.00057763	0.01879248	0.0111178	0.0065617	0.00313111	0.00152564	0.00069819	0.00029406	
14200.00000026	0.03586695	0.02138333	0.01266576	0.00604902	0.00294208	0.00134167	0.00056231	0.0189116	0.01113295	0.00653776	0.00309775	0.00149907	0.00068094	0.00028444	
14300.00000027	0.03630627	0.02154415	0.01269898	0.00602275	0.00290935	0.0013169	0.0005474	0.01903146	0.01114812	0.00651391	0.00306474	0.00147296	0.00066411	0.00027514	
14400.00000027	0.03675068	0.02170614	0.01273228	0.00599659	0.00287699	0.00129258	0.00053288	0.01915207	0.01116331	0.00649015	0.00303209	0.0014473	0.0006477	0.00026614	
14500.00000027	0.03720021	0.02186929	0.01276566	0.00597054	0.00284498	0.00126872	0.00051875	0.01927342	0.01117852	0.00646647	0.00299978	0.00142209	0.00063169	0.00025743	
14600.00000027	0.03765493	0.02203362	0.01279912	0.0059446	0.00281333	0.00124529	0.00050499	0.01939553	0.01119375	0.00644288	0.00296781	0.00139732	0.00061608	0.00024901	
