TIME	R1:1	R2:1	R3:1	Prev:1	R1:2	R2:2	R3:2	Prev:2	R1:3	R2:3	R3:3	Prev:3	
0	0	0	0	0.01	0	0	0	0.01	0	0	0	0.01	
100	0	0	0	0.02609997	0	0	0	0.02609997	0	0	0	0.02609997	
200	0	0	0	0.79955884	0	0	0	0.79955884	0	0	0	0.79955884	
300	0	0	0	0.90056202	0	0	0	0.90056202	0	0	0	0.90056202	
400	0	0	0	0.90088777	0	0	0	0.90088777	0	0	0	0.90088777	
500	0	0	0	0.9008887	0	0	0	0.9008887	0	0	0	0.9008887	
600	0	0	0	0.90088871	0	0	0	0.90088871	0	0	0	0.90088871	
700	0	0	0	0.90088871	0	0	0	0.90088871	0	0	0	0.90088871	
800	0	0	0	0.30967918	0	0	0	0.30967918	0	0	0	0.30967918	
900	0	0	0	0.27934253	0	0	0	0.27934253	0	0	0	0.27934253	
1000	0	0	0	0.2774184	0	0	0	0.2774184	0	0	0	0.2774184	
1100	0	0	0	0.27727846	0	0	0	0.27727846	0	0	0	0.27727846	
1200	0	0	0	0.2772682	0	0	0	0.2772682	0	0	0	0.2772682	
1300	0	0	0	0.27726744	0	0	0	0.27726744	0	0	0	0.27726744	
1400	0	0	0	0.27726739	0	0	0	0.27726739	0	0	0	0.27726739	
1500	0	0	0	0.2760594	0	0	0	0.2760594	0	0	0	0.2760594	
1600	0	0	0	0.27223216	0	0	0	0.27223216	0	0	0	0.27223216	
1700	0	0	0	0.26985041	0	0	0	0.26985041	0	0	0	0.26985041	
1800	0	0	0	0.26848541	0	0	0	0.26848541	0	0	0	0.26848541	
1900	0	0	0	0.26771207	0	0	0	0.26771207	0	0	0	0.26771207	
2000	0	0	0	0.26727497	0	0	0	0.26727497	0	0	0	0.26727497	
2100	0	0	0	0.2670281	0	0	0	0.2670281	0	0	0	0.2670281	
2200	0	0	0	0.26688872	0	0	0	0.26688872	0	0	0	0.26688872	
2300	0	0	0	0.26681005	0	0	0	0.26681005	0	0	0	0.26681005	
2400.00000001	0	0	0	0.26676565	0	0	0	0.26676565	0	0	0	0.26676565	
2500.00000001	0	0	0	0.26674059	0	0	0	0.26674059	0	0	0	0.26674059	
2600.00000001	0	0	0	0.26672645	0	0	0	0.26672645	0	0	0	0.26672645	
2700.00000001	0	0	0	0.26671847	0	0	0	0.26671847	0	0	0	0.26671847	
2800.00000001	0	0	0	0.26671397	0	0	0	0.26671397	0	0	0	0.26671397	
2900.00000002	0	0	0	0.26671143	0	0	0	0.26671143	0	0	0	0.26671143	
3000.00000002	0	0	0	0.26670999	0	0	0	0.26670999	0	0	0	0.26670999	
3100.00000002	0	0	0	0.26670918	0	0	0	0.26670918	0	0	0	0.26670918	
3200.00000002	0	0	0	0.26670873	0	0	0	0.26670873	0	0	0	0.26670873	
3300.00000003	0	0	0	0.26670847	0	0	0	0.26670847	0	0	0	0.26670847	
3400.00000003	0	0	0	0.26670832	0	0	0	0.26670832	0	0	0	0.26670832	
3500.00000003	0	0	0	0.26670824	0	0	0	0.26670824	0	0	0	0.26670824	
3600.00000003	0	0	0	0.2667082	0	0	0	0.2667082	0	0	0	0.2667082	
3700.00000003	0.01105792	0	0	0.27076507	0	0.01115542	0	0.27061557	0	0	0.01112292	0.27001852	
3800.00000004	0.00996478	0	0	0.27421028	0	0.00998526	0	0.27427901	0	0	0.009965	0.27392101	
3900.00000004	0.01002088	0	0	0.27540121	0	0.00998529	0	0.27549926	0	0	0.01003188	0.27512339	
4000.00000004	0.01008075	0	0	0.27600823	0	0.00998979	0	0.27611636	0	0	0.01010493	0.27571747	
4100.00000004	0.01014089	0	0	0.27634567	0	0.00999463	0	0.27645894	0	0	0.01017983	0.27604613	
4200.00000005	0.01020142	0	0	0.27653567	0	0.00999976	0	0.27665174	0	0	0.01025612	0.27623105	
4300.00000005	0.01026232	0	0	0.27664289	0	0.01000505	0	0.27676047	0	0	0.01033346	0.27633536	
4400.00000005	0.0103236	0	0	0.27670344	0	0.01001044	0	0.27682181	0	0	0.01041164	0.27639424	
4500.00000005	0.01038525	0	0	0.27673767	0	0.01001587	0	0.27685643	0	0	0.01049056	0.27642749	
4600.00000005	0.01044726	0	0	0.27675704	0	0.01002134	0	0.27687595	0	0	0.01057015	0.27644628	
4700.00000006	0.01050964	0	0	0.27676804	0	0.01002683	0	0.27688697	0	0	0.0106504	0.27645691	
4800.00000006	0.0105724	0	0	0.2767743	0	0.01003233	0	0.27689319	0	0	0.01073128	0.27646294	
4900.00000006	0.01063552	0	0	0.2767779	0	0.01003784	0	0.2768967	0	0	0.01081278	0.27646637	
5000.00000006	0.01069902	0	0	0.27678	0	0.01004335	0	0.27689867	0	0	0.0108949	0.27646834	
5100.00000006	0.01076289	0	0	0.27678124	0	0.01004887	0	0.27689979	0	0	0.01097764	0.27646948	
5200.00000007	0.01082714	0	0	0.27678201	0	0.01005439	0	0.27690042	0	0	0.01106101	0.27647015	
5300.00000007	0.01089177	0	0	0.27678251	0	0.01005992	0	0.27690077	0	0	0.011145	0.27647056	
5400.00000007	0.01095678	0	0	0.27678285	0	0.01006545	0	0.27690097	0	0	0.01122963	0.27647082	
5500.00000007	0.01102217	0	0	0.27678311	0	0.01007098	0	0.27690108	0	0	0.01131489	0.276471	
5600.00000008	0.01108795	0	0	0.27678333	0	0.01007652	0	0.27690114	0	0	0.0114008	0.27647113	
5700.00000008	0.01115412	0	0	0.27678351	0	0.01008206	0	0.27690117	0	0	0.01148734	0.27647123	
5800.00000008	0.01122068	0	0	0.27678368	0	0.0100876	0	0.27690119	0	0	0.01157454	0.27647132	
5900.00000008	0.01128763	0	0	0.27678385	0	0.01009314	0	0.2769012	0	0	0.01166239	0.2764714	
6000.00000008	0.01135497	0	0	0.27678401	0	0.01009869	0	0.2769012	0	0	0.0117509	0.27647148	
6100.00000009	0.01142272	0	0	0.27678417	0	0.01010424	0	0.2769012	0	0	0.01184007	0.27647156	
6200.00000009	0.01149086	0	0	0.27678432	0	0.01010979	0	0.2769012	0	0	0.01192992	0.27647163	
6300.00000009	0.0115594	0	0	0.27678448	0	0.01011535	0	0.2769012	0	0	0.01202043	0.2764717	
6400.00000009	0.01162835	0	0	0.27678464	0	0.01012091	0	0.2769012	0	0	0.01211163	0.27647178	
6500.0000001	0.01169771	0	0	0.27678479	0	0.01012647	0	0.2769012	0	0	0.0122035	0.27647185	
6600.0000001	0.01176747	0	0	0.27678495	0	0.01013204	0	0.27690119	0	0	0.01229607	0.27647193	
6700.0000001	0.01183764	0	0	0.27678511	0	0.01013761	0	0.27690119	0	0	0.01238933	0.276472	
6800.0000001	0.01190823	0	0	0.27678527	0	0.01014318	0	0.27690119	0	0	0.01248328	0.27647208	
6900.0000001	0.01197924	0	0	0.27678543	0	0.01014876	0	0.27690119	0	0	0.01257794	0.27647216	
7000.00000011	0.01205066	0	0	0.2767856	0	0.01015433	0	0.27690118	0	0	0.01267331	0.27647223	
7100.00000011	0.0121225	0	0	0.27678576	0	0.01015992	0	0.27690118	0	0	0.0127694	0.27647231	
7200.00000011	0.01219477	0	0	0.27678592	0	0.0101655	0	0.27690118	0	0	0.0128662	0.27647239	
7300.00000011	0.01226746	0	0	0.27678609	0	0.01017109	0	0.27690117	0	0	0.01296372	0.27647247	
7400.00000012	0.01234058	0	0	0.27678626	0	0.01017668	0	0.27690117	0	0	0.01306198	0.27647255	
7500.00000012	0.01241413	0	0	0.27678642	0	0.01018227	0	0.27690117	0	0	0.01316097	0.27647263	
7600.00000012	0.01248811	0	0	0.27678659	0	0.01018787	0	0.27690117	0	0	0.0132607	0.27647271	
7700.00000012	0.01256253	0	0	0.27678676	0	0.01019347	0	0.27690116	0	0	0.01336117	0.27647279	
7800.00000012	0.01263738	0	0	0.27678693	0	0.01019907	0	0.27690116	0	0	0.0134624	0.27647287	
7900.00000013	0.01271268	0	0	0.2767871	0	0.01020467	0	0.27690116	0	0	0.01356438	0.27647295	
8000.00000013	0.01278841	0	0	0.27678727	0	0.01021028	0	0.27690115	0	0	0.01366713	0.27647303	
8100.00000013	0.0128646	0	0	0.27678745	0	0.01021589	0	0.27690115	0	0	0.01377064	0.27647312	
8200.00000013	0.01294123	0	0	0.27678762	0	0.01022151	0	0.27690115	0	0	0.01387492	0.2764732	
8300.00000013	0.01301831	0	0	0.2767878	0	0.01022713	0	0.27690115	0	0	0.01397999	0.27647329	
8400.00000014	0.01309585	0	0	0.27678797	0	0.01023275	0	0.27690114	0	0	0.01408583	0.27647337	
8500.00000014	0.01317384	0	0	0.27678815	0	0.01023837	0	0.27690114	0	0	0.01419247	0.27647346	
8600.00000014	0.01325229	0	0	0.27678833	0	0.010244	0	0.27690114	0	0	0.0142999	0.27647355	
8700.00000014	0.0133312	0	0	0.27678851	0	0.01024963	0	0.27690113	0	0	0.01440814	0.27647363	
8800.00000015	0.01341057	0	0	0.27678869	0	0.01025526	0	0.27690113	0	0	0.01451718	0.27647372	
8900.00000015	0.01349041	0	0	0.27678887	0	0.0102609	0	0.27690113	0	0	0.01462703	0.27647381	
9000.00000015	0.01357072	0	0	0.27678905	0	0.01026654	0	0.27690113	0	0	0.01473771	0.2764739	
9100.00000015	0.0136515	0	0	0.27678924	0	0.01027218	0	0.27690112	0	0	0.01484921	0.27647399	
9200.00000015	0.01373275	0	0	0.27678942	0	0.01027782	0	0.27690112	0	0	0.01496153	0.27647408	
9300.00000016	0.01381448	0	0	0.27678961	0	0.01028347	0	0.27690112	0	0	0.0150747	0.27647417	
9400.00000016	0.01389669	0	0	0.27678979	0	0.01028912	0	0.27690111	0	0	0.01518871	0.27647426	
9500.00000016	0.01397938	0	0	0.27678998	0	0.01029478	0	0.27690111	0	0	0.01530356	0.27647436	
9600.00000016	0.01406256	0	0	0.27679017	0	0.01030044	0	0.27690111	0	0	0.01541928	0.27647445	
9700.00000017	0.01414623	0	0	0.27679036	0	0.0103061	0	0.27690111	0	0	0.01553585	0.27647454	
9800.00000017	0.01423038	0	0	0.27679055	0	0.01031176	0	0.2769011	0	0	0.01565329	0.27647464	
9900.00000017	0.01431503	0	0	0.27679074	0	0.01031743	0	0.2769011	0	0	0.0157716	0.27647473	
10000.00000017	0.01440018	0	0	0.27679094	0	0.0103231	0	0.2769011	0	0	0.01589079	0.27647483	
10100.00000017	0.01448582	0	0	0.27679113	0	0.01032877	0	0.27690109	0	0	0.01601087	0.27647493	
10200.00000018	0.01457197	0	0	0.27679133	0	0.01033445	0	0.27690109	0	0	0.01613185	0.27647503	
10300.00000018	0.01465862	0	0	0.27679152	0	0.01034012	0	0.27690109	0	0	0.01625372	0.27647512	
10400.00000018	0.01474578	0	0	0.27679172	0	0.01034581	0	0.27690109	0	0	0.01637649	0.27647522	
10500.00000018	0.01483345	0	0	0.27679192	0	0.01035149	0	0.27690108	0	0	0.01650018	0.27647532	
10600.00000018	0.01492163	0	0	0.27679212	0	0.01035718	0	0.27690108	0	0	0.01662479	0.27647542	
10700.00000019	0.01501033	0	0	0.27679232	0	0.01036287	0	0.27690108	0	0	0.01675032	0.27647553	
10800.00000019	0.01509954	0	0	0.27679253	0	0.01036857	0	0.27690107	0	0	0.01687678	0.27647563	
10900.00000019	0.01518928	0	0	0.27679273	0	0.01037426	0	0.27690107	0	0	0.01700418	0.27647573	
11000.00000019	0.01527955	0	0	0.27679294	0	0.01037997	0	0.27690107	0	0	0.01713253	0.27647583	
11100.0000002	0.01537034	0	0	0.27679314	0	0.01038567	0	0.27690107	0	0	0.01726182	0.27647594	
11200.0000002	0.01546167	0	0	0.27679335	0	0.01039138	0	0.27690106	0	0	0.01739208	0.27647604	
11300.0000002	0.01555352	0	0	0.27679356	0	0.01039709	0	0.27690106	0	0	0.0175233	0.27647615	
11400.0000002	0.01564592	0	0	0.27679377	0	0.0104028	0	0.27690106	0	0	0.01765549	0.27647626	
11500.0000002	0.01573885	0	0	0.27679398	0	0.01040852	0	0.27690105	0	0	0.01778867	0.27647637	
11600.00000021	0.01583233	0	0	0.27679419	0	0.01041423	0	0.27690105	0	0	0.01792283	0.27647647	
11700.00000021	0.01592636	0	0	0.27679441	0	0.01041996	0	0.27690105	0	0	0.01805798	0.27647658	
11800.00000021	0.01602093	0	0	0.27679462	0	0.01042568	0	0.27690105	0	0	0.01819413	0.27647669	
11900.00000021	0.01611606	0	0	0.27679484	0	0.01043141	0	0.27690104	0	0	0.01833129	0.2764768	
12000.00000022	0.01621174	0	0	0.27679506	0	0.01043714	0	0.27690104	0	0	0.01846946	0.27647692	
12100.00000022	0.01630798	0	0	0.27679527	0	0.01044288	0	0.27690104	0	0	0.01860866	0.27647703	
12200.00000022	0.01640478	0	0	0.27679549	0	0.01044862	0	0.27690103	0	0	0.01874888	0.27647714	
12300.00000022	0.01650215	0	0	0.27679572	0	0.01045436	0	0.27690103	0	0	0.01889014	0.27647726	
12400.00000022	0.01660008	0	0	0.27679594	0	0.0104601	0	0.27690103	0	0	0.01903245	0.27647737	
12500.00000023	0.01669859	0	0	0.27679616	0	0.01046585	0	0.27690103	0	0	0.0191758	0.27647749	
12600.00000023	0.01679767	0	0	0.27679639	0	0.0104716	0	0.27690102	0	0	0.01932022	0.2764776	
12700.00000023	0.01689733	0	0	0.27679661	0	0.01047735	0	0.27690102	0	0	0.0194657	0.27647772	
12800.00000023	0.01699757	0	0	0.27679684	0	0.01048311	0	0.27690102	0	0	0.01961225	0.27647784	
12900.00000024	0.0170984	0	0	0.27679707	0	0.01048887	0	0.27690101	0	0	0.01975988	0.27647796	
13000.00000024	0.01719981	0	0	0.2767973	0	0.01049463	0	0.27690101	0	0	0.01990861	0.27647808	
13100.00000024	0.01730181	0	0	0.27679753	0	0.0105004	0	0.27690101	0	0	0.02005843	0.2764782	
13200.00000024	0.01740441	0	0	0.27679777	0	0.01050617	0	0.276901	0	0	0.02020935	0.27647832	
13300.00000024	0.0175076	0	0	0.276798	0	0.01051194	0	0.276901	0	0	0.02036139	0.27647845	
13400.00000025	0.0176114	0	0	0.27679824	0	0.01051772	0	0.276901	0	0	0.02051454	0.27647857	
13500.00000025	0.0177158	0	0	0.27679847	0	0.0105235	0	0.276901	0	0	0.02066882	0.2764787	
13600.00000025	0.01782081	0	0	0.27679871	0	0.01052928	0	0.27690099	0	0	0.02082424	0.27647882	
13700.00000025	0.01792642	0	0	0.27679895	0	0.01053506	0	0.27690099	0	0	0.0209808	0.27647895	
13800.00000025	0.01803266	0	0	0.27679919	0	0.01054085	0	0.27690099	0	0	0.02113852	0.27647908	
13900.00000026	0.01813951	0	0	0.27679944	0	0.01054664	0	0.27690098	0	0	0.02129739	0.27647921	
14000.00000026	0.01824698	0	0	0.27679968	0	0.01055244	0	0.27690098	0	0	0.02145743	0.27647933	
14100.00000026	0.01835508	0	0	0.27679993	0	0.01055823	0	0.27690098	0	0	0.02161865	0.27647947	
14200.00000026	0.0184638	0	0	0.27680017	0	0.01056404	0	0.27690098	0	0	0.02178105	0.2764796	
14300.00000027	0.01857316	0	0	0.27680042	0	0.01056984	0	0.27690097	0	0	0.02194464	0.27647973	
14400.00000027	0.01868315	0	0	0.27680067	0	0.01057565	0	0.27690097	0	0	0.02210944	0.27647986	
14500.00000027	0.01879379	0	0	0.27680092	0	0.01058146	0	0.27690097	0	0	0.02227544	0.27648	
14600.00000027	0.01890506	0	0	0.27680118	0	0.01058727	0	0.27690096	0	0	0.02244267	0.27648013	
